image: fme_opened_door_HAS_obstaclesEly.pgm
resolution: 0.100000
origin: [-21.000000, -37.000000, 0.000000]
negate: 0
occupied_thresh: 0.65
free_thresh: 0.196

