image: fme_open_obstacles_akp.pgm
resolution: 0.10000
origin: [-21.000000, -37.000000, 0.000000]
negate: 0
occupied_thresh: 0.65
free_thresh: 0.196

