image: fme_open02.pgm
resolution: 0.200000
origin: [-17.800000, -37.000000, 0.000000]
negate: 0
occupied_thresh: 0.65
free_thresh: 0.196

