image: master_small.pgm
resolution: 0.100000
origin: [-1.0000, 0.25000, 0.000000]
negate: 0
occupied_thresh: 0.65
free_thresh: 0.196

