image: master_big_conn.pgm
resolution: 0.100000
origin: [-2.2500000, -2.250000, 0.000000]
negate: 0
occupied_thresh: 0.65
free_thresh: 0.196

