image: real_scen1_2m_ICRA.pgm
resolution: 0.100000
origin: [-19.000000, -13.00000, 0.000000]
negate: 0
occupied_thresh: 0.65
free_thresh: 0.196

