image: real_scen1_1_5m.pgm
resolution: 0.100000
origin: [-5.000000, -24.200000, 0.000000]
negate: 0
occupied_thresh: 0.65
free_thresh: 0.196

