image: willow.pgm
resolution: 0.100000
origin: [-24.200000, -24.200000, 0.000000]
negate: 0
occupied_thresh: 0.65
free_thresh: 0.196

